# Signal je Kanal
-0.863445
-0.647874
-0.337690
-0.206680
-0.007764
-0.087925
-0.187873
-0.323808
-0.055739
-0.356466
-0.036722
-0.142181
-0.205454
-0.028352
-0.095016
-0.209682
-0.280021
0.047813
-0.301193
-0.168855
-0.426835
-0.119643
-0.119243
-0.194716
-0.129689
-0.279435
-0.146698
-0.168840
-0.263211
0.024487
-0.088702
0.061929
0.026959
-0.148279
0.060641
0.255450
-0.169918
0.135381
0.001549
0.116824
0.139045
-0.099666
0.168911
0.160552
0.060836
0.134052
0.111854
0.301472
0.316436
0.124649
0.255333
0.243660
0.144621
0.126505
0.256888
0.091522
0.200139
0.256496
-0.048813
0.219256
0.371255
0.278929
0.181596
0.264245
0.347367
0.166155
0.494850
0.013870
0.256214
0.470390
0.289027
0.321799
0.455481
0.217615
0.193809
0.288116
0.421980
0.321739
0.433978
-0.103698
0.517325
63.238529
-9.761828
-1.419472
0.044800
0.245259
0.178226
0.126018
0.101193
0.433156
0.065242
0.385040
0.346587
0.012335
0.287857
0.363756
0.251834
0.297457
0.608255
0.290151
0.108312
0.252109
0.265617
0.216521
0.235825
0.444339
0.231793
0.232926
0.560974
0.236162
0.243070
-0.077528
0.368344
0.415764
-0.243880
0.005046
0.376438
-0.058700
-0.099209
-0.055960
0.006933
0.309868
-0.218084
0.078099
-0.159811
0.112856
-0.064429
0.121850
