# Signal je Kanal
0.075246
-0.110922
-0.430906
-0.215185
-0.134264
-0.330313
-0.288405
-0.417193
-0.195044
-0.421752
-0.258163
-0.177712
-0.304064
-0.193735
-0.198459
-0.167385
-0.526406
-0.078719
-0.364715
-0.077595
-0.571376
-0.272074
-0.043825
-0.350999
-0.373037
-0.434824
-0.248212
-0.340137
-0.381801
-0.215845
-0.300140
-0.110552
-0.226535
-0.185678
-0.325613
0.143904
-0.263461
0.008874
-0.138769
-0.070631
-0.088218
-0.304079
0.012467
0.003237
-0.121733
-0.047450
-0.096463
-0.045816
0.066228
0.018198
-0.113642
0.017233
0.004077
0.142934
-0.078273
0.114922
0.001906
0.167984
-0.151356
-0.057927
0.077962
0.014466
-0.060808
0.075844
0.169069
0.122483
0.156590
-0.075640
-0.087956
0.225087
0.206485
0.182266
0.179139
0.117163
0.060354
-0.016274
0.298446
0.038400
0.387526
0.482090
3.806175
134.413260
5.320095
0.472487
0.332848
0.326843
0.005753
0.082451
0.201523
-0.033044
0.158689
-0.071134
0.158120
-0.009355
0.113424
0.065412
0.157211
-0.089740
0.272985
0.093711
-0.048266
0.046689
-0.084738
0.015114
-0.107554
0.078041
-0.224546
-0.012519
-0.085949
-0.115244
-0.133185
-0.236825
-0.122923
-0.004502
-0.212723
-0.376269
0.054101
-0.165311
-0.323662
-0.226442
-0.290423
-0.166243
-0.491508
-0.260299
-0.303322
-0.103542
-0.121039
0.178142
