# Signal je Kanal
-0.557677
-0.441034
-0.278485
-0.218558
0.049175
-0.157843
-0.102001
-0.499586
-0.214268
-0.458097
-0.165611
-0.215938
-0.336229
-0.133025
-0.254792
-0.083823
-0.207859
0.024940
-0.282996
-0.247643
-0.509749
-0.100676
-0.123970
-0.426189
-0.055658
-0.342166
-0.116739
-0.232658
-0.302144
-0.001361
-0.181468
-0.116912
-0.070753
-0.208892
0.042862
0.291428
-0.259696
0.147573
0.046718
0.048061
-0.068405
-0.017581
-0.054742
0.040967
-0.005087
0.081305
-0.004821
0.408592
0.114885
0.105957
0.166697
0.282764
0.190855
0.127707
0.136296
0.146684
0.132406
0.378537
-0.199505
0.062721
0.192745
0.087275
0.157838
0.279398
0.111720
0.251368
0.140339
-0.057902
0.036639
0.293736
0.170329
0.206939
0.415575
0.268704
0.221022
0.251328
0.296159
0.276972
0.361258
0.043192
1.629875
91.347919
-4.313879
-0.859190
0.190728
0.339460
0.226289
0.150211
0.026391
0.347471
0.046520
0.199411
0.217907
-0.005560
0.286046
0.186103
0.088145
0.163859
0.560481
0.169458
0.085512
0.211262
0.261764
0.095786
0.156071
0.266766
0.037148
0.072198
0.421382
0.028533
0.081522
0.011727
0.153700
0.369072
-0.256859
-0.087783
0.427462
-0.128415
-0.096160
-0.007790
-0.132724
0.137267
-0.223848
-0.077576
-0.228700
0.017205
-0.179158
0.157794
