# Signal je Kanal
-0.501273
-0.414788
-0.228593
-0.237573
-0.133652
-0.263749
-0.261775
-0.507471
-0.279201
-0.496181
-0.114604
-0.108197
-0.241504
-0.000382
-0.153920
-0.277643
-0.424786
-0.068187
-0.278268
-0.232731
-0.551865
-0.184672
-0.182015
-0.462354
-0.185745
-0.287398
-0.140580
-0.202695
-0.258179
-0.228325
-0.060653
-0.134872
-0.101083
-0.236938
-0.131399
0.234514
-0.242686
0.102415
0.058577
0.023944
-0.094503
-0.172531
0.057903
-0.009133
-0.135099
0.065144
-0.068032
0.122633
0.073860
-0.056875
-0.067300
0.126649
0.133769
0.047700
-0.014782
0.191487
0.053355
0.054663
-0.147474
-0.006380
0.243337
-0.131511
-0.023285
0.180283
0.111729
-0.101443
0.049287
-0.087938
-0.051504
0.238562
0.146254
0.141950
0.333370
0.178671
0.250830
0.218054
0.291958
0.087780
0.421026
0.318077
3.313524
118.164206
1.115115
-0.080120
0.263574
0.320383
0.001372
0.076213
0.129547
0.132174
0.180294
0.175250
0.131824
0.053441
0.082123
0.055889
0.135064
0.029635
0.404296
-0.055456
-0.195454
0.070229
0.138577
0.068631
-0.074052
0.286428
-0.087078
0.129028
0.308940
-0.011657
-0.018800
-0.125445
0.015429
0.111983
-0.264876
-0.200917
0.408081
-0.266253
-0.273237
-0.161883
-0.107084
0.025245
-0.397920
-0.079776
-0.264825
0.037840
-0.126384
0.017037
