# Anzahl der Hits pro Kanal (0 bis 127)
1849.000000
2808.000000
3193.000000
3461.000000
3308.000000
3249.000000
3243.000000
3326.000000
3292.000000
3295.000000
3340.000000
3433.000000
3637.000000
3760.000000
3886.000000
4056.000000
4103.000000
4397.000000
4597.000000
4873.000000
5040.000000
5173.000000
5592.000000
5851.000000
6108.000000
6565.000000
6640.000000
7071.000000
7365.000000
7707.000000
7916.000000
8266.000000
8444.000000
8885.000000
9177.000000
9462.000000
9567.000000
9857.000000
10490.000000
10712.000000
11195.000000
11487.000000
11683.000000
12031.000000
12366.000000
12812.000000
13463.000000
13813.000000
13469.000000
14056.000000
14455.000000
14816.000000
14990.000000
15353.000000
15786.000000
16056.000000
16196.000000
16640.000000
16421.000000
17103.000000
17123.000000
17668.000000
17755.000000
17996.000000
17731.000000
18093.000000
18535.000000
18869.000000
18702.000000
18809.000000
18801.000000
19100.000000
18949.000000
18986.000000
18891.000000
19565.000000
19280.000000
19171.000000
19243.000000
19195.000000
19246.000000
19195.000000
19099.000000
19035.000000
19059.000000
19044.000000
18676.000000
18931.000000
18395.000000
18559.000000
18495.000000
18236.000000
18115.000000
17776.000000
17392.000000
17361.000000
17210.000000
17369.000000
16663.000000
16498.000000
16091.000000
16066.000000
15730.000000
15149.000000
14836.000000
14794.000000
14225.000000
14106.000000
14090.000000
13506.000000
13197.000000
12700.000000
12360.000000
12215.000000
11807.000000
11550.000000
11439.000000
10902.000000
10533.000000
10157.000000
10118.000000
9960.000000
9713.000000
9870.000000
9681.000000
10200.000000
10286.000000
9531.000000
