#lambda/nm	C1
208.295	inf
208.67	inf
209.045	inf
209.419	inf
209.794	inf
210.169	inf
210.544	inf
210.919	inf
211.295	inf
211.67	inf
212.045	inf
212.421	inf
212.796	inf
213.172	inf
213.547	inf
213.923	inf
214.299	inf
214.675	inf
215.051	inf
215.427	inf
215.803	inf
216.179	inf
216.555	inf
216.932	inf
217.308	inf
217.684	inf
218.061	inf
218.438	inf
218.814	inf
219.191	inf
219.568	inf
219.945	inf
220.322	inf
220.699	inf
221.076	inf
221.453	inf
221.83	inf
222.208	inf
222.585	inf
222.962	inf
223.34	inf
223.717	inf
224.095	inf
224.473	inf
224.851	inf
225.229	inf
225.607	inf
225.985	inf
226.363	inf
226.741	inf
227.119	inf
227.497	inf
227.876	inf
228.254	inf
228.633	inf
229.011	inf
229.39	inf
229.769	inf
230.148	inf
230.527	inf
230.905	inf
231.284	inf
231.664	inf
232.043	inf
232.422	inf
232.801	inf
233.181	inf
233.56	inf
233.94	inf
234.319	inf
234.699	inf
235.079	inf
235.458	inf
235.838	inf
236.218	inf
236.598	inf
236.978	inf
237.358	inf
237.738	inf
238.119	inf
238.499	inf
238.88	inf
239.26	inf
239.641	inf
240.021	inf
240.402	inf
240.783	inf
241.163	inf
241.544	inf
241.925	inf
242.306	inf
242.687	inf
243.069	inf
243.45	inf
243.831	inf
244.212	inf
244.594	inf
244.975	inf
245.357	inf
245.739	inf
246.12	inf
246.502	inf
246.884	inf
247.266	inf
247.648	inf
248.03	inf
248.412	inf
248.794	inf
249.176	inf
249.559	inf
249.941	inf
250.323	inf
250.706	inf
251.089	inf
251.471	inf
251.854	inf
252.237	inf
252.62	inf
253.002	inf
253.385	inf
253.769	inf
254.152	inf
254.535	inf
254.918	inf
255.301	inf
255.685	inf
256.068	inf
256.452	inf
256.835	inf
257.219	inf
257.603	inf
257.986	inf
258.37	inf
258.754	inf
259.138	inf
259.522	inf
259.906	inf
260.29	inf
260.675	inf
261.059	inf
261.443	inf
261.828	inf
262.212	inf
262.597	inf
262.981	inf
263.366	inf
263.751	inf
264.136	inf
264.521	inf
264.906	inf
265.291	inf
265.676	inf
266.061	inf
266.446	inf
266.831	inf
267.217	inf
267.602	inf
267.987	inf
268.373	inf
268.759	inf
269.144	inf
269.53	inf
269.916	inf
270.302	inf
270.688	inf
271.074	inf
271.46	inf
271.846	inf
272.232	inf
272.618	inf
273.004	inf
273.391	inf
273.777	inf
274.164	inf
274.55	inf
274.937	inf
275.324	inf
275.71	inf
276.097	inf
276.484	inf
276.871	inf
277.258	inf
277.645	inf
278.032	inf
278.419	inf
278.807	inf
279.194	inf
279.581	inf
279.969	inf
280.356	inf
280.744	inf
281.131	inf
281.519	inf
281.907	inf
282.295	inf
282.682	inf
283.07	inf
283.458	inf
283.846	inf
284.235	inf
284.623	inf
285.011	inf
285.399	inf
285.788	inf
286.176	inf
286.565	inf
286.953	inf
287.342	inf
287.731	inf
288.119	inf
288.508	inf
288.897	inf
289.286	inf
289.675	inf
290.064	inf
290.453	inf
290.821	inf
291.21	inf
291.599	inf
291.989	inf
292.378	inf
292.768	inf
293.157	inf
293.547	inf
293.936	inf
294.326	inf
294.716	inf
295.106	inf
295.496	inf
295.886	inf
296.276	inf
296.666	inf
297.056	inf
297.446	inf
297.836	inf
298.227	inf
298.617	inf
299.008	inf
299.398	inf
299.789	inf
300.179	inf
300.57	inf
300.961	inf
301.352	inf
301.742	inf
302.133	inf
302.524	inf
302.915	inf
303.307	inf
303.698	inf
304.089	inf
304.48	inf
304.872	inf
305.263	inf
305.655	inf
306.046	inf
306.438	inf
306.829	inf
307.221	inf
307.613	inf
308.005	inf
308.397	inf
308.789	inf
309.181	inf
309.573	inf
309.965	inf
310.357	inf
310.749	inf
311.142	inf
311.534	inf
311.926	inf
312.319	inf
312.711	inf
313.104	inf
313.497	inf
313.889	inf
314.282	inf
314.675	inf
315.068	inf
315.461	inf
315.854	inf
316.247	inf
316.64	inf
317.033	inf
317.405	inf
317.798	inf
318.192	inf
318.585	inf
318.979	inf
319.372	inf
319.766	inf
320.16	inf
320.553	inf
320.947	inf
321.341	inf
321.735	inf
322.129	inf
322.523	inf
322.917	inf
323.311	inf
323.705	inf
324.099	inf
324.494	inf
324.888	inf
325.282	inf
325.677	inf
326.071	inf
326.466	inf
326.861	inf
327.255	inf
327.65	inf
328.045	inf
328.44	inf
328.835	inf
329.23	inf
329.625	inf
330.02	inf
330.415	inf
330.81	inf
331.206	inf
331.601	inf
331.996	inf
332.37	inf
332.766	inf
333.161	inf
333.557	inf
333.953	inf
334.348	inf
334.744	inf
335.14	inf
335.536	inf
335.932	inf
336.328	inf
336.724	inf
337.12	inf
337.516	inf
337.913	inf
338.309	inf
338.705	inf
339.102	inf
339.498	inf
339.895	inf
340.291	inf
340.688	inf
341.085	inf
341.481	inf
341.878	inf
342.275	inf
342.672	inf
343.069	inf
343.466	inf
343.842	inf
344.239	inf
344.636	inf
345.033	inf
345.431	inf
345.828	inf
346.225	inf
346.623	inf
347.02	inf
347.418	inf
347.816	inf
348.213	inf
348.611	inf
349.009	inf
349.407	inf
349.805	inf
350.203	inf
350.601	inf
350.999	inf
351.397	inf
351.795	inf
352.193	inf
352.57	inf
352.969	inf
353.367	inf
353.766	inf
354.164	inf
354.563	inf
354.961	inf
355.36	inf
355.759	inf
356.158	inf
356.557	inf
356.956	inf
357.355	inf
357.754	inf
358.153	inf
358.552	inf
358.951	inf
359.35	inf
359.75	inf
360.149	inf
360.527	inf
360.926	inf
361.326	inf
361.726	inf
362.125	inf
362.525	inf
362.925	inf
363.325	inf
363.724	inf
364.124	inf
364.524	inf
364.924	inf
365.324	inf
365.725	inf
366.125	inf
366.525	inf
366.904	inf
367.304	inf
367.705	inf
368.105	inf
368.506	inf
368.906	inf
369.307	inf
369.708	inf
370.108	inf
370.509	inf
370.91	inf
371.311	inf
371.712	inf
372.113	inf
372.514	inf
372.894	inf
373.295	inf
373.696	inf
374.097	inf
374.499	inf
374.9	inf
375.301	inf
375.703	inf
376.105	inf
376.506	inf
376.908	inf
377.309	inf
377.711	inf
378.113	inf
378.493	inf
378.895	inf
379.297	inf
379.699	inf
380.102	inf
380.504	inf
380.906	inf
381.308	inf
381.71	inf
382.113	inf
382.515	inf
382.918	inf
383.299	inf
383.701	inf
384.104	inf
384.507	inf
384.909	inf
385.312	inf
385.715	inf
386.118	inf
386.521	inf
386.924	inf
387.327	inf
387.709	inf
388.112	inf
388.515	inf
388.918	inf
389.322	inf
389.725	inf
390.129	inf
390.532	inf
390.936	inf
391.339	inf
391.743	inf
392.125	inf
392.529	inf
392.933	inf
393.337	inf
393.74	inf
394.144	inf
394.548	inf
394.953	inf
395.357	inf
395.761	inf
396.144	inf
396.548	inf
396.952	inf
397.357	inf
397.761	inf
398.166	inf
398.57	inf
398.975	inf
399.379	inf
399.763	inf
400.168	inf
400.572	inf
400.977	inf
401.382	inf
401.787	inf
402.192	inf
402.597	inf
403.002	inf
403.386	inf
403.791	inf
404.197	inf
404.602	inf
405.007	inf
405.413	inf
405.818	inf
406.224	inf
406.608	inf
407.014	inf
407.42	inf
407.825	inf
408.231	inf
408.637	inf
409.043	inf
409.449	inf
409.834	inf
410.24	inf
410.646	inf
411.052	inf
411.458	inf
411.865	inf
412.271	inf
412.677	inf
413.062	inf
413.469	inf
413.875	inf
414.282	inf
414.689	inf
415.095	inf
415.502	inf
415.888	inf
416.294	inf
416.701	inf
417.108	inf
417.515	inf
417.923	inf
418.33	inf
418.715	inf
419.123	inf
419.53	inf
419.937	inf
420.345	inf
420.752	inf
421.16	inf
421.546	inf
421.953	inf
422.361	inf
422.769	inf
423.177	inf
423.585	inf
423.992	inf
424.379	inf
424.787	inf
425.195	inf
425.603	inf
426.011	inf
426.419	inf
426.806	inf
427.214	inf
427.623	inf
428.031	inf
428.44	inf
428.848	inf
429.235	inf
429.644	inf
430.053	inf
430.461	inf
430.87	inf
431.279	inf
431.666	inf
432.075	inf
432.484	inf
432.893	inf
433.302	inf
433.711	inf
434.099	inf
434.508	inf
434.918	inf
435.327	inf
435.737	inf
436.125	inf
436.534	inf
436.944	inf
437.353	inf
437.763	inf
438.173	inf
438.561	inf
438.971	inf
439.381	inf
439.791	inf
440.201	inf
440.589	inf
440.999	inf
441.409	inf
441.819	inf
442.23	inf
442.619	inf
443.029	inf
443.439	inf
443.85	inf
444.26	inf
444.649	inf
445.06	inf
445.471	inf
445.881	inf
446.292	inf
446.682	inf
447.092	inf
447.503	inf
447.914	inf
448.325	inf
448.715	inf
449.126	inf
449.537	inf
449.948	inf
450.338	inf
450.75	inf
451.161	inf
451.572	inf
451.984	inf
452.374	inf
452.786	inf
453.197	inf
453.609	inf
453.999	inf
454.411	inf
454.823	inf
455.235	inf
455.647	inf
456.037	inf
456.449	inf
456.862	inf
457.274	inf
457.665	inf
458.077	inf
458.489	inf
458.902	inf
459.293	inf
459.705	inf
460.118	inf
460.53	inf
460.921	inf
461.334	inf
461.747	inf
462.16	inf
462.551	inf
462.964	inf
463.377	inf
463.79	inf
464.182	inf
464.595	inf
465.008	inf
465.421	inf
465.813	inf
466.226	inf
466.64	inf
467.053	inf
467.445	inf
467.859	inf
468.272	inf
468.686	inf
469.078	inf
469.492	inf
469.906	inf
470.298	inf
470.712	inf
471.126	inf
471.54	inf
471.933	inf
472.347	inf
472.761	inf
473.175	inf
473.568	inf
473.982	inf
474.397	inf
474.79	inf
475.204	inf
475.619	inf
476.033	inf
476.426	inf
476.841	inf
477.256	inf
477.649	inf
478.064	inf
478.479	inf
478.872	inf
479.287	inf
479.702	inf
480.118	inf
480.511	inf
480.927	inf
481.342	inf
481.736	inf
482.151	inf
482.566	inf
482.96	inf
483.376	inf
483.792	inf
484.186	inf
484.602	inf
485.017	inf
485.412	inf
485.827	inf
486.243	inf
486.638	inf
487.054	inf
487.47	inf
487.865	inf
488.281	inf
488.697	inf
489.092	inf
489.508	inf
489.925	inf
490.32	inf
490.736	inf
491.153	inf
491.548	inf
491.964	inf
492.381	inf
492.776	inf
493.193	inf
493.61	inf
494.006	inf
494.422	inf
494.84	inf
495.235	inf
495.652	inf
496.069	inf
496.465	inf
496.883	inf
497.3	inf
497.696	inf
498.113	inf
498.509	inf
498.927	inf
499.344	inf
499.741	inf
500.158	inf
500.576	inf
500.973	inf
501.39	inf
501.787	inf
502.205	inf
502.623	inf
503.02	inf
503.438	inf
503.856	inf
504.253	inf
504.671	inf
505.068	inf
505.486	inf
505.905	inf
506.302	inf
506.72	inf
507.118	inf
507.536	inf
507.955	inf
508.352	inf
508.771	inf
509.169	inf
509.587	inf
510.006	inf
510.404	inf
510.823	inf
511.221	inf
511.64	inf
512.038	inf
512.457	inf
512.877	inf
513.275	inf
513.694	inf
514.092	inf
514.512	inf
514.91	inf
515.33	inf
515.749	inf
516.148	inf
516.568	inf
516.966	inf
517.386	inf
517.785	inf
518.205	inf
518.603	inf
519.024	inf
519.444	inf
519.843	inf
520.263	inf
520.662	inf
521.082	inf
521.481	inf
521.902	inf
522.301	inf
522.722	inf
523.121	inf
523.542	inf
523.963	inf
524.362	inf
524.783	inf
525.183	inf
525.604	inf
526.003	inf
526.425	inf
526.824	inf
527.246	inf
527.646	inf
528.067	inf
528.467	inf
528.888	inf
529.289	inf
529.71	inf
530.11	inf
530.532	inf
530.932	inf
531.354	inf
531.755	inf
532.176	inf
532.577	inf
532.999	inf
533.4	inf
533.822	inf
534.223	inf
534.645	inf
535.046	inf
535.468	inf
535.869	inf
536.292	inf
536.693	inf
537.115	inf
537.516	inf
537.939	inf
538.34	inf
538.742	inf
539.165	inf
539.566	inf
539.989	inf
540.391	inf
540.814	inf
541.216	inf
541.639	inf
542.041	inf
542.464	inf
542.866	inf
543.268	inf
543.691	inf
544.093	inf
544.517	inf
544.919	inf
545.343	inf
545.745	inf
546.147	inf
546.571	inf
546.974	inf
547.398	inf
547.8	inf
548.224	inf
548.627	inf
549.03	inf
549.454	inf
549.857	inf
550.281	inf
550.684	inf
551.087	inf
551.512	inf
551.915	inf
552.34	inf
552.743	inf
553.146	inf
553.571	inf
553.975	inf
554.399	inf
554.803	inf
555.207	inf
555.632	inf
556.036	inf
556.461	inf
556.865	inf
557.268	inf
557.694	inf
558.098	inf
558.502	inf
558.927	inf
559.332	inf
559.736	inf
560.162	inf
560.566	inf
560.992	inf
561.396	inf
561.801	inf
562.227	inf
562.631	inf
563.036	inf
563.462	inf
563.867	inf
564.272	inf
564.698	inf
565.103	inf
565.508	inf
565.935	inf
566.34	inf
566.745	inf
567.172	inf
567.577	inf
567.982	inf
568.409	inf
568.815	inf
569.22	inf
569.626	inf
570.053	inf
570.459	inf
570.865	inf
571.292	inf
571.698	inf
572.104	inf
572.531	inf
572.937	inf
573.343	inf
573.75	inf
574.177	inf
574.583	inf
574.99	inf
575.396	inf
575.824	inf
576.231	inf
576.637	inf
577.065	inf
577.472	inf
577.879	inf
578.286	inf
578.714	inf
579.121	inf
579.528	inf
579.935	inf
580.364	inf
580.771	inf
581.178	inf
581.585	inf
582.014	inf
582.421	inf
582.829	inf
583.236	inf
583.644	inf
584.073	inf
584.481	inf
584.889	inf
585.296	inf
585.726	inf
586.134	inf
586.542	inf
586.95	inf
587.358	inf
587.787	inf
588.196	inf
588.604	inf
589.012	inf
589.421	inf
589.851	inf
590.259	inf
590.668	inf
591.076	inf
591.485	inf
591.894	inf
592.324	inf
592.733	inf
593.142	inf
593.551	inf
593.96	inf
594.369	inf
594.8	inf
595.209	inf
595.618	inf
596.028	inf
596.437	inf
596.847	inf
597.256	inf
597.687	inf
598.097	inf
598.507	inf
598.917	inf
599.327	inf
599.736	inf
600.146	inf
600.556	inf
600.988	inf
601.398	inf
601.808	inf
602.219	inf
602.629	inf
603.039	inf
603.45	inf
603.86	inf
604.271	inf
604.703	inf
605.114	inf
605.525	inf
605.935	inf
606.346	inf
606.757	inf
607.168	inf
607.579	inf
607.99	inf
608.402	inf
608.813	inf
609.224	inf
609.636	inf
610.047	inf
610.48	inf
610.892	inf
611.303	inf
611.715	inf
612.127	inf
612.539	inf
612.95	inf
613.362	inf
613.774	inf
614.186	inf
614.599	inf
615.011	inf
615.423	inf
615.835	inf
616.248	inf
616.66	inf
617.073	inf
617.485	inf
617.898	inf
618.311	inf
618.723	inf
619.136	inf
619.549	inf
619.962	inf
620.375	inf
620.788	inf
621.201	inf
621.614	inf
622.028	inf
622.441	inf
622.854	inf
623.268	inf
623.681	inf
624.095	inf
624.509	inf
624.922	inf
625.336	inf
625.728	inf
626.142	inf
626.556	inf
626.97	inf
627.384	inf
627.799	inf
628.213	inf
628.627	inf
629.041	inf
629.456	inf
629.87	inf
630.285	inf
630.699	inf
631.093	inf
631.507	inf
631.922	inf
632.337	inf
632.752	inf
633.167	inf
633.582	inf
633.997	inf
634.412	inf
634.806	inf
635.221	inf
635.637	inf
636.052	inf
636.468	inf
636.883	inf
637.299	inf
637.715	inf
638.109	inf
638.525	inf
638.941	inf
639.357	inf
639.773	inf
640.189	inf
640.584	inf
641	inf
641.416	inf
641.832	inf
642.249	inf
642.665	inf
643.06	inf
643.477	inf
643.894	inf
644.31	inf
644.727	inf
645.123	inf
645.54	inf
645.957	inf
646.374	inf
646.77	inf
647.187	inf
647.604	inf
648.021	inf
648.439	inf
648.835	inf
649.252	inf
649.67	inf
650.088	inf
650.484	inf
650.902	inf
651.32	inf
651.738	inf
652.134	inf
652.552	inf
652.971	inf
653.389	inf
653.786	inf
654.204	inf
654.622	inf
655.019	inf
655.438	inf
655.857	inf
656.275	inf
656.673	inf
657.091	inf
657.51	inf
657.908	inf
658.327	inf
658.746	inf
659.144	inf
659.563	inf
659.982	inf
660.38	inf
660.8	inf
661.219	inf
661.617	inf
662.037	inf
662.457	inf
662.855	inf
663.275	inf
663.695	inf
664.094	inf
664.514	inf
664.934	inf
665.333	inf
665.753	inf
666.152	inf
666.572	inf
666.993	inf
667.392	inf
667.812	inf
668.212	inf
668.632	inf
669.053	inf
669.453	inf
669.874	inf
670.273	inf
670.694	inf
671.116	inf
671.515	inf
671.937	inf
672.337	inf
672.758	inf
673.158	inf
673.58	inf
673.98	inf
674.402	inf
674.824	inf
675.224	inf
675.646	inf
676.047	inf
676.469	inf
676.869	inf
677.292	inf
677.693	inf
678.115	inf
678.516	inf
678.939	inf
679.34	inf
679.762	inf
680.164	inf
680.586	inf
680.988	inf
681.411	inf
681.812	inf
682.236	inf
682.637	inf
683.061	inf
683.462	inf
683.864	inf
684.288	inf
684.69	inf
685.114	inf
685.516	inf
685.94	inf
686.342	inf
686.766	inf
687.168	inf
687.571	inf
687.995	inf
688.398	inf
688.822	inf
689.225	inf
689.628	inf
690.052	inf
690.456	inf
690.88	inf
691.284	inf
691.687	inf
692.112	inf
692.515	inf
692.919	inf
693.344	inf
693.747	inf
694.173	inf
694.577	inf
694.98	inf
695.406	inf
695.81	inf
696.214	inf
696.64	inf
697.044	inf
697.448	inf
697.874	inf
698.279	inf
698.684	inf
699.11	inf
699.514	inf
699.919	inf
700.324	inf
700.75	inf
701.156	inf
701.561	inf
701.987	inf
702.393	inf
702.798	inf
703.203	inf
703.63	inf
704.036	inf
704.442	inf
704.847	inf
705.274	inf
705.68	inf
706.086	inf
706.492	inf
706.92	inf
707.326	inf
707.732	inf
708.139	inf
708.545	inf
708.973	inf
709.38	inf
709.786	inf
710.193	inf
710.6	inf
711.028	inf
711.435	inf
711.842	inf
712.249	inf
712.656	inf
713.064	inf
713.492	inf
713.9	inf
714.307	inf
714.715	inf
715.123	inf
715.53	inf
715.938	inf
716.367	inf
716.775	inf
717.184	inf
717.592	inf
718	inf
718.408	inf
718.816	inf
719.225	inf
719.633	inf
720.042	inf
720.472	inf
720.881	inf
721.29	inf
721.699	inf
722.108	inf
722.517	inf
722.926	inf
723.335	inf
723.744	inf
724.154	inf
724.563	inf
724.973	inf
725.382	inf
725.792	inf
726.202	inf
726.612	inf
727.022	inf
727.432	inf
779.813	inf
780.223	inf
780.634	inf
781.044	inf
781.454	inf
781.865	inf
782.276	inf
782.686	inf
783.097	inf
783.508	inf
783.919	inf
784.33	inf
784.741	inf
785.152	inf
785.563	inf
785.974	inf
786.386	inf
786.776	inf
787.188	inf
787.599	inf
788.011	inf
788.423	inf
788.835	inf
789.247	inf
789.659	inf
790.071	inf
790.483	inf
790.874	inf
791.286	inf
791.699	inf
792.111	inf
792.524	inf
792.937	inf
793.349	inf
793.741	inf
794.154	inf
794.567	inf
794.98	inf
795.393	inf
795.785	inf
796.198	inf
796.612	inf
797.026	inf
797.439	inf
797.831	inf
798.245	inf
798.659	inf
799.073	inf
799.487	inf
799.88	inf
800.294	inf
800.708	inf
801.123	inf
801.516	inf
801.93	inf
802.345	inf
802.76	inf
803.153	inf
803.568	inf
803.983	inf
804.377	inf
804.792	inf
805.207	inf
805.601	inf
806.016	inf
806.432	inf
806.826	inf
807.242	inf
807.658	inf
808.052	inf
808.468	inf
808.884	inf
809.279	inf
809.695	inf
810.111	inf
810.506	inf
810.922	inf
811.339	inf
811.734	inf
812.151	inf
812.546	inf
812.963	inf
813.38	inf
813.776	inf
814.193	inf
814.589	inf
815.006	inf
815.402	inf
815.82	inf
816.237	inf
816.633	inf
817.051	inf
817.448	inf
817.866	inf
818.262	inf
818.68	inf
819.077	inf
819.495	inf
819.892	inf
820.311	inf
820.708	inf
821.127	inf
821.524	inf
821.943	inf
822.34	inf
822.759	inf
823.157	inf
823.576	inf
823.974	inf
824.393	inf
824.791	inf
825.189	inf
825.609	inf
826.007	inf
826.427	inf
826.826	inf
827.246	inf
827.644	inf
828.043	inf
828.463	inf
828.862	inf
829.261	inf
829.682	inf
830.081	inf
830.502	inf
830.901	inf
831.301	inf
831.722	inf
832.121	inf
832.521	inf
832.943	inf
833.342	inf
833.742	inf
834.164	inf
834.564	inf
834.965	inf
835.386	inf
835.787	inf
836.188	inf
836.588	inf
837.01	inf
837.411	inf
837.812	inf
838.213	inf
838.636	inf
839.037	inf
839.438	inf
839.84	inf
840.263	inf
840.664	inf
841.066	inf
841.468	inf
841.891	inf
842.293	inf
842.695	inf
843.098	inf
843.5	inf
843.902	inf
844.326	inf
844.729	inf
845.131	inf
845.534	inf
845.937	inf
846.34	inf
846.764	inf
847.167	inf
847.571	inf
847.974	inf
848.377	inf
848.781	inf
849.184	inf
849.588	inf
849.992	inf
850.396	inf
850.821	inf
851.225	inf
851.63	inf
852.034	inf
852.438	inf
852.843	inf
853.247	inf
853.652	inf
854.057	inf
854.462	inf
854.867	inf
855.272	inf
855.677	inf
856.082	inf
856.487	inf
856.893	inf
857.298	inf
857.704	inf
858.11	inf
858.516	inf
858.922	inf
859.328	inf
859.734	inf
860.14	inf
860.525	inf
860.931	inf
861.338	inf
861.745	inf
862.151	inf
862.558	inf
862.965	inf
863.372	inf
863.779	inf
864.186	inf
864.572	inf
864.98	inf
865.387	inf
865.795	inf
866.203	inf
866.61	inf
867.018	inf
867.405	inf
867.813	inf
868.221	inf
868.63	inf
869.038	inf
869.425	inf
869.834	inf
870.243	inf
870.652	inf
871.039	inf
871.448	inf
871.857	inf
872.266	inf
872.654	inf
873.064	inf
873.473	inf
873.883	inf
874.271	inf
874.681	inf
875.091	inf
875.48	inf
875.89	inf
876.3	inf
876.689	inf
877.1	inf
877.51	inf
877.9	inf
878.31	inf
878.721	inf
879.111	inf
879.522	inf
879.933	inf
880.323	inf
880.734	inf
881.125	inf
881.536	inf
881.948	inf
882.338	inf
882.75	inf
883.141	inf
883.553	inf
883.944	inf
884.356	inf
884.769	inf
885.16	inf
885.573	inf
885.964	inf
886.377	inf
886.768	inf
887.181	inf
887.573	inf
887.987	inf
888.378	inf
888.792	inf
889.184	inf
889.598	inf
889.99	inf
890.383	inf
890.797	inf
891.19	inf
891.604	inf
891.997	inf
892.411	inf
892.805	inf
893.198	inf
893.613	inf
894.006	inf
894.421	inf
894.815	inf
895.209	inf
895.624	inf
896.018	inf
896.412	inf
896.828	inf
897.222	inf
897.617	inf
898.033	inf
898.427	inf
898.822	inf
899.239	inf
899.634	inf
900.029	inf
900.424	inf
900.841	inf
901.236	inf
901.632	inf
902.027	inf
902.445	inf
902.841	inf
903.237	inf
903.633	inf
904.05	inf
904.447	inf
904.843	inf
905.24	inf
905.636	inf
906.033	inf
906.451	inf
906.848	inf
907.246	inf
907.643	inf
908.04	inf
908.438	inf
908.835	inf
909.254	inf
909.652	inf
910.05	inf
910.448	inf
910.846	inf
911.244	inf
911.643	inf
912.041	inf
912.44	inf
912.839	inf
913.237	inf
913.636	inf
914.035	inf
914.434	inf
914.834	inf
915.233	inf
915.633	inf
916.032	inf
916.432	inf
916.832	inf
917.232	inf
917.632	inf
918.032	inf
918.432	inf
918.833	inf
919.233	inf
919.634	inf
920.035	inf
920.436	inf
920.837	inf
921.238	inf
921.639	inf
922.019	inf
922.42	inf
922.822	inf
923.224	inf
923.625	inf
924.027	inf
924.429	inf
924.81	inf
925.212	inf
925.615	inf
926.017	inf
926.42	inf
926.801	inf
927.204	inf
927.607	inf
928.01	inf
928.413	inf
928.795	inf
929.199	inf
929.602	inf
930.006	inf
930.388	inf
930.792	inf
931.196	inf
931.579	inf
931.983	inf
932.388	inf
932.771	inf
933.176	inf
933.58	inf
933.964	inf
934.369	inf
934.774	inf
935.158	inf
935.563	inf
935.947	inf
936.353	inf
936.759	inf
937.143	inf
937.549	inf
937.934	inf
938.34	inf
938.746	inf
939.131	inf
939.538	inf
939.923	inf
940.33	inf
940.716	inf
941.123	inf
941.508	inf
941.916	inf
942.302	inf
942.709	inf
943.096	inf
943.503	inf
943.89	inf
944.298	inf
944.685	inf
945.072	inf
945.48	inf
945.867	inf
946.276	inf
946.663	inf
947.051	inf
947.46	inf
947.848	inf
948.257	inf
948.645	inf
949.033	inf
949.443	inf
949.831	inf
950.22	inf
950.63	inf
951.018	inf
951.407	inf
951.796	inf
952.207	inf
952.596	inf
952.985	inf
953.375	inf
953.786	inf
954.176	inf
954.566	inf
954.956	inf
955.367	inf
955.758	inf
956.148	inf
956.539	inf
956.929	inf
957.341	inf
957.732	inf
958.123	inf
958.515	inf
958.906	inf
959.297	inf
959.689	inf
960.102	inf
960.494	inf
960.886	inf
961.278	inf
961.67	inf
962.062	inf
962.455	inf
962.847	inf
963.24	inf
963.633	inf
964.026	inf
964.419	inf
964.812	inf
965.206	inf
965.599	inf
965.993	inf
966.386	inf
966.78	inf
967.174	inf
967.569	inf
967.963	inf
968.357	inf
968.752	inf
969.146	inf
969.541	inf
969.936	inf
970.331	inf
970.705	inf
971.1	inf
971.496	inf
971.892	inf
972.287	inf
972.683	inf
973.079	inf
973.454	inf
973.85	inf
974.247	inf
974.643	inf
975.04	inf
975.415	inf
975.812	inf
976.209	inf
976.607	inf
976.982	inf
977.38	inf
977.778	inf
978.175	inf
978.552	inf
978.95	inf
979.348	inf
979.725	inf
980.123	inf
980.522	inf
980.899	inf
981.298	inf
981.697	inf
982.075	inf
982.474	inf
982.852	inf
983.251	inf
983.651	inf
984.029	inf
984.429	inf
984.808	inf
985.208	inf
985.609	inf
985.987	inf
986.388	inf
986.768	inf
987.168	inf
987.548	inf
987.949	inf
988.329	inf
988.731	inf
989.111	inf
989.491	inf
989.893	inf
990.273	inf
990.676	inf
991.057	inf
991.459	inf
991.84	inf
992.221	inf
992.624	inf
993.006	inf
993.388	inf
993.791	inf
994.173	inf
994.576	inf
994.959	inf
995.341	inf
995.724	inf
996.128	inf
996.511	inf
996.894	inf
997.298	inf
997.681	inf
998.065	inf
998.448	inf
998.854	inf
999.237	inf
999.621	inf
1000.01	inf
1000.39	inf
1000.8	inf
1001.18	inf
1001.56	inf
1001.95	inf
1002.33	inf
1002.72	inf
1003.13	inf
1003.51	inf
1003.9	inf
1004.28	inf
1004.67	inf
1005.06	inf
1005.44	inf
1005.83	inf
1006.21	inf
1006.6	inf
1006.99	inf
1007.37	inf
1007.76	inf
1060.12	inf
1060.51	inf
1060.89	inf
1061.28	inf
1061.67	inf
1062.06	inf
1062.45	inf
1062.83	inf
1063.22	inf
1063.61	inf
1064	inf
1064.39	inf
1064.78	inf
1065.14	inf
1065.53	inf
1065.92	inf
1066.31	inf
1066.7	inf
1067.09	inf
1067.46	inf
1067.85	inf
1068.24	inf
1068.63	inf
1069.02	inf
1069.39	inf
1069.78	inf
1070.17	inf
1070.57	inf
1070.93	inf
1071.33	inf
1071.72	inf
1072.11	inf
1072.48	inf
1072.87	inf
1073.26	inf
1073.64	inf
1074.03	inf
1074.4	inf
1074.79	inf
1075.19	inf
1075.56	inf
1075.95	inf
1076.34	inf
1076.72	inf
1077.11	inf
1077.48	inf
1077.88	inf
1078.25	inf
1078.64	inf
1079.02	inf
1079.41	inf
1079.78	inf
1080.18	inf
1080.55	inf
1080.95	inf
1081.32	inf
1081.72	inf
1082.09	inf
1082.49	inf
1082.86	inf
1083.24	inf
1083.63	inf
1084.01	inf
1084.38	inf
1084.78	inf
1085.16	inf
1085.55	inf
1085.93	inf
1086.31	inf
1086.7	inf
1087.08	inf
1087.46	inf
1087.83	inf
1088.23	inf
1088.61	inf
1088.99	inf
1089.36	inf
1089.76	inf
1090.14	inf
1090.52	inf
1090.9	inf
1091.27	inf
1091.67	inf
1092.05	inf
1092.43	inf
1092.81	inf
1093.19	inf
1093.57	inf
1093.95	inf
1094.35	inf
1094.73	inf
1095.11	inf
1095.49	inf
1095.87	inf
1096.25	inf
1096.63	inf
1097.01	inf
1097.39	inf
1097.77	inf
1098.15	inf
1098.53	inf
1098.91	inf
1099.29	inf
1099.68	inf
1100.06	inf
1100.44	inf
1100.82	inf
1101.18	inf
1101.56	inf
1101.95	inf
1102.33	inf
1102.71	inf
1103.1	inf
1103.48	inf
1103.86	inf
1104.22	inf
1104.61	inf
1104.99	inf
1105.38	inf
1105.76	inf
1106.12	inf
1106.51	inf
1106.89	inf
1107.26	inf
1107.64	inf
1108.03	inf
1108.41	inf
1108.78	inf
1109.16	inf
1109.55	inf
1109.91	inf
1110.3	inf
1110.69	inf
1111.05	inf
1111.44	inf
1111.8	inf
1112.19	inf
1112.58	inf
1112.94	inf
1113.33	inf
1113.7	inf
1114.09	inf
1114.45	inf
1114.84	inf
1115.21	inf
1115.6	inf
1115.96	inf
1116.35	inf
1116.72	inf
1117.11	inf
1117.48	inf
1117.85	inf
1118.24	inf
1118.6	inf
1118.99	inf
1119.36	inf
1119.73	inf
1120.12	inf
1120.49	inf
1120.86	inf
1121.25	inf
1121.62	inf
1121.99	inf
1122.38	inf
1122.76	inf
1123.13	inf
1123.5	inf
1123.89	inf
1124.26	inf
1124.63	inf
1125	inf
1125.4	inf
1125.77	inf
1126.14	inf
1126.51	inf
1126.88	inf
1127.26	inf
1127.63	inf
1128.02	inf
1128.4	inf
1128.77	inf
1129.14	inf
1129.52	inf
1129.89	inf
1130.26	inf
1130.64	inf
1131.01	inf
